1728845177062 0.5 0
1728845177086 0.5 0
1728845177095 0.615385 0
1728845177135 0.6875 0
1728845177143 0.3125 0
1728845177150 0.615385 0
1728845177170 0.5625 0
1728845177176 0.5 0
1728845177183 0.538462 0
1728845177197 0.5625 0
1728845177205 0.4375 0
1728845177211 0.615385 0
1728845177227 0.5625 0
1728845177244 0.625 0
1728845177254 0.384615 0
1728845177283 0.375 0
1728845177298 0.625 0
1728845177309 0.615385 0
1728845177338 0.5625 0
1728845177355 0.5 0
1728845177400 0.538462 0
1728845177483 0.4375 0
1728845177497 0.3125 0
1728845177510 0.923077 0
1728845177538 0.625 0
1728845177553 0.4375 0
1728845177568 0.538462 0
1728845177616 0.6875 0
1728845177628 0.5625 0
1728845177637 0.307692 0
