1728845177058 0.697268 0
1728845177084 0.696843 0
1728845177093 0.678358 0
1728845177133 0.6672 0
1728845177141 0.725179 0
1728845177148 0.678456 0
1728845177168 0.686633 0
1728845177174 0.696507 0
1728845177181 0.690097 0
1728845177195 0.686126 0
1728845177202 0.706232 0
1728845177209 0.678179 0
1728845177225 0.686825 0
1728845177235 0.677639 0
1728845177251 0.714081 0
1728845177278 0.715376 0
1728845177294 0.676846 0
1728845177305 0.678469 0
1728845177334 0.687333 0
1728845177350 0.696114 0
1728845177395 0.690481 0
1728845177477 0.705286 0
1728845177491 0.724391 0
1728845177506 0.632194 0
1728845177535 0.677237 0
1728845177549 0.704922 0
1728845177564 0.690029 0
1728845177612 0.667815 0
1728845177622 0.686428 0
1728845177634 0.725692 0
