1728950886805 0.5 0
1728950886812 0.3125 0
1728950886819 0.615385 0
1728950886836 0.3125 0
1728950886845 0.6875 0
1728950886851 0.384615 0
1728950886869 0.375 0
1728950886876 0.625 0
1728950886883 0.384615 0
1728950886899 0.4375 0
1728950886906 0.4375 0
1728950886928 0.538462 0
1728950886968 0.4375 0
1728950886980 0.4375 0
1728950886993 0.538462 0
1728950887055 0.5625 0
1728950887073 0.4375 0
1728950887086 0.384615 0
1728950887131 0.5625 0
1728950887145 0.375 0
1728950887158 0.461538 0
1728950887191 0.5 0
1728950887204 0.4375 0
1728950887217 0.461538 0
1728950887246 0.4375 0
1728950887257 0.5625 0
1728950887267 0.384615 0
1728950887292 0.5625 0
1728950887301 0.375 0
1728950887313 0.461538 0
