1728950886801 0.709925 0
1728950886810 0.778232 0
1728950886816 0.667882 0
1728950886834 0.775321 0
1728950886842 0.642238 0
1728950886849 0.748455 0
1728950886867 0.751184 0
1728950886873 0.665153 0
1728950886881 0.746456 0
1728950886896 0.728149 0
1728950886904 0.727919 0
1728950886924 0.693644 0
1728950886964 0.72622 0
1728950886977 0.726153 0
1728950886988 0.692971 0
1728950887052 0.686093 0
1728950887069 0.724529 0
1728950887082 0.740149 0
1728950887124 0.685732 0
1728950887139 0.740987 0
1728950887153 0.71543 0
1728950887185 0.703474 0
1728950887201 0.721295 0
1728950887213 0.713866 0
1728950887242 0.718972 0
1728950887253 0.685731 0
1728950887264 0.733146 0
1728950887288 0.685418 0
1728950887298 0.733988 0
1728950887309 0.710628 0
