1733076053532 0.5625 0
1733076053541 0.5 0
1733076053553 0.307692 0
1733076053583 0.5 0
1733076053592 0.5 0
1733076053602 0.384615 0
1733076053622 0.375 0
1733076053631 0.5625 0
1733076053639 0.461538 0
1733076053662 0.4375 0
1733076053682 0.4375 0
1733076053693 0.538462 0
1733076053720 0.4375 0
1733076053729 0.5625 0
1733076053740 0.384615 0
1733076053762 0.5 0
1733076053772 0.4375 0
1733076053782 0.461538 0
1733076053812 0.375 0
1733076053828 0.375 0
1733076053841 0.692308 0
1733076053874 0.375 0
1733076053885 0.4375 0
1733076053897 0.615385 0
1733076053925 0.3125 0
1733076053935 0.625 0
1733076053947 0.461538 0
1733076053970 0.5625 0
1733076053980 0.3125 0
1733076053992 0.538462 0
