1733076053529 0.684173 0
1733076053538 0.701405 0
1733076053548 0.749875 0
1733076053580 0.701009 0
1733076053590 0.700513 0
1733076053599 0.728838 0
1733076053619 0.729613 0
1733076053628 0.685403 0
1733076053637 0.707306 0
1733076053659 0.712345 0
1733076053676 0.712071 0
1733076053690 0.692526 0
1733076053717 0.709771 0
1733076053726 0.685738 0
1733076053737 0.720182 0
1733076053759 0.696221 0
1733076053770 0.707731 0
1733076053779 0.703778 0
1733076053809 0.717277 0
1733076053821 0.715859 0
1733076053837 0.666137 0
1733076053869 0.715091 0
1733076053881 0.703909 0
1733076053893 0.679215 0
1733076053922 0.720555 0
1733076053932 0.677743 0
1733076053944 0.700412 0
1733076053967 0.687802 0
1733076053977 0.716833 0
1733076053988 0.688553 0
