1742749619990 0.5625 0
1742749619995 0.375 0
1742749620000 0.461538 0
1742749620013 0.3125 0
1742749620020 0.5625 0
1742749620026 0.538462 0
1742749620036 0.5 0
1742749620042 0.4375 0
1742749620046 0.461538 0
1742749620056 0.4375 0
1742749620061 0.375 0
1742749620065 0.615385 0
1742749620075 0.375 0
1742749620080 0.4375 0
1742749620084 0.615385 0
1742749620112 0.5625 0
1742749620117 0.3125 0
1742749620121 0.538462 0
1742749620132 0.4375 0
1742749620136 0.4375 0
1742749620141 0.538462 0
1742749620151 0.5625 0
1742749620156 0.4375 0
1742749620160 0.384615 0
1742749620169 0.625 0
1742749620174 0.375 0
1742749620179 0.615385 0
1742749620188 0.4375 0
1742749620193 0.5625 0
1742749620197 0.615385 0
