1742749619989 0.688093 0
1742749619993 0.70871 0
1742749619998 0.698629 0
1742749620011 0.712975 0
1742749620017 0.688495 0
1742749620024 0.690782 0
1742749620034 0.69395 0
1742749620040 0.698616 0
1742749620045 0.696505 0
1742749620054 0.697791 0
1742749620059 0.701077 0
1742749620063 0.68736 0
1742749620074 0.699547 0
1742749620079 0.696094 0
1742749620083 0.688966 0
1742749620111 0.691157 0
1742749620115 0.699163 0
1742749620119 0.69219 0
1742749620130 0.694689 0
1742749620134 0.694421 0
1742749620138 0.692577 0
1742749620150 0.692414 0
1742749620154 0.693743 0
1742749620159 0.693892 0
1742749620168 0.692821 0
1742749620173 0.693197 0
1742749620177 0.692828 0
1742749620187 0.693566 0
1742749620192 0.692544 0
1742749620196 0.691657 0
