1728950715877 0.712828 0
1728950715884 0.725834 0
1728950715890 0.674326 0
1728950715904 0.698614 0
1728950715910 0.698498 0
1728950715915 0.722018 0
1728950715927 0.7235 0
1728950715933 0.68565 0
1728950715938 0.705513 0
1728950715951 0.697826 0
1728950715957 0.697696 0
1728950715962 0.719309 0
1728950715975 0.662648 0
1728950715981 0.743301 0
1728950715987 0.70423 0
1728950716002 0.719518 0
1728950716007 0.663957 0
1728950716013 0.730504 0
1728950716060 0.70761 0
1728950716066 0.696745 0
1728950716072 0.703094 0
1728950716084 0.717218 0
1728950716090 0.706622 0
1728950716095 0.677858 0
1728950716107 0.676498 0
1728950716112 0.705971 0
1728950716117 0.725863 0
1728950716129 0.686513 0
1728950716134 0.733623 0
1728950716141 0.678776 0
