1728950715879 0.4375 0
1728950715886 0.375 0
1728950715892 0.615385 0
1728950715906 0.5 0
1728950715912 0.5 0
1728950715917 0.384615 0
1728950715929 0.375 0
1728950715935 0.5625 0
1728950715940 0.461538 0
1728950715952 0.5 0
1728950715959 0.5 0
1728950715964 0.384615 0
1728950715977 0.6875 0
1728950715984 0.25 0
1728950715990 0.461538 0
1728950716003 0.375 0
1728950716009 0.6875 0
1728950716016 0.307692 0
1728950716062 0.4375 0
1728950716068 0.5 0
1728950716074 0.461538 0
1728950716086 0.375 0
1728950716092 0.4375 0
1728950716096 0.615385 0
1728950716108 0.625 0
1728950716113 0.4375 0
1728950716119 0.307692 0
1728950716131 0.5625 0
1728950716137 0.25 0
1728950716144 0.615385 0
