1742749611089 0.5625 0
1742749611109 0.4375 0
1742749611129 0.615385 0
1742749611236 0.625 0
1742749611250 0.375 0
1742749611264 0.615385 0
1742749611286 0.5625 0
1742749611297 0.5 0
1742749611304 0.538462 0
1742749611323 0.625 0
1742749611333 0.5625 0
1742749611342 0.384615 0
1742749611361 0.375 0
1742749611369 0.625 0
1742749611380 0.615385 0
1742749611451 0.4375 0
1742749611459 0.5 0
1742749611466 0.692308 0
1742749611492 0.5625 0
1742749611499 0.5 0
1742749611507 0.538462 0
1742749611524 0.625 0
1742749611532 0.4375 0
1742749611538 0.538462 0
1742749611554 0.625 0
1742749611563 0.375 0
1742749611569 0.615385 0
1742749611585 0.5625 0
1742749611593 0.5 0
1742749611615 0.538462 0
