1742749611085 0.688444 0
1742749611102 0.700623 0
1742749611126 0.683964 0
1742749611232 0.682543 0
1742749611245 0.706053 0
1742749611259 0.683061 0
1742749611283 0.688655 0
1742749611295 0.694673 0
1742749611302 0.690455 0
1742749611320 0.681883 0
1742749611330 0.687625 0
1742749611338 0.705911 0
1742749611358 0.706822 0
1742749611367 0.681803 0
1742749611377 0.683742 0
1742749611449 0.700995 0
1742749611457 0.694622 0
1742749611464 0.674574 0
1742749611486 0.687633 0
1742749611497 0.694537 0
1742749611504 0.691185 0
1742749611521 0.681148 0
1742749611529 0.701713 0
1742749611536 0.690149 0
1742749611552 0.681397 0
1742749611560 0.708652 0
1742749611567 0.681542 0
1742749611583 0.687228 0
1742749611591 0.695213 0
1742749611613 0.689718 0
